149.89461625537
## Copyright (C) 2012 by Christopher King
154.741867929164
170.970125783449
107.06782189135
192.858935638848
68.4352805343195
5.80740517877345
189.860760149365
174.824792098372
69.9565439137132
149.66887538645
34.7750405296168
64.0677534103794
20.7662566262599
146.906955042595
138.070165802513
114.628150354987
184.41409429052
76.0368035303053
172.453619880436
24.030677847967
196.869280571363
15.8327126947647
143.957922278086
132.902690707164
91.9175990039207
165.195699334455
19.8990139450942
68.5925677258275
27.0565118932296
116.953135641926
3.03999981573355
61.4192113288716
115.415930311173
87.3847081367352
82.865065656928
15.336978847828
25.0434890267769
156.623640408537
32.0090423132953
4.92866786626749
86.7401345516328
67.0720136699707
8.02142174681677
23.7191646597445
86.9597458591471
85.1332342068638
69.5274488487925
116.435573982825
97.6656882445525
74.067290807411
